File type = "ooTextFile"
Object class = "PitchTier"

xmin = 0 
xmax = 5.524897959183673 
points: size = 6 
points [1]:
    number = 1.479948979591837 
    value = 349.6714730625495 
points [2]:
    number = 1.6849489795918327 
    value = 422.07962343439976 
points [3]:
    number = 2.704948979591837 
    value = 389.5908879027597 
points [4]:
    number = 2.9049489795918326 
    value = 389.5908879027597 
points [5]:
    number = 4.249948979591838 
    value = 378.8302484759031 
points [6]:
    number = 4.424948979591834 
    value = 378.8302484759031 
